0_triangle.png 53 197 187 220 131 125 
1_triangle.png 208 3 172 212 79 164 
2_triangle.png 137 122 151 76 185 121 
3_triangle.png 172 41 29 120 168 158 
4_triangle.png 8 217 130 135 16 121 
5_triangle.png 73 119 28 215 93 26 
6_triangle.png 83 41 47 132 144 158 
7_triangle.png 169 132 118 199 189 85 
8_triangle.png 161 156 23 116 162 202 
9_triangle.png 5 116 143 181 105 141 
10_triangle.png 41 3 169 45 183 36 
11_triangle.png 214 113 157 27 173 79 
12_triangle.png 219 20 121 23 34 13 
13_triangle.png 186 106 57 21 77 117 
14_triangle.png 88 137 153 6 138 18 
15_triangle.png 206 114 184 200 44 6 
16_triangle.png 87 98 153 168 113 41 
17_triangle.png 150 221 99 156 189 33 
18_triangle.png 115 200 188 135 135 11 
19_triangle.png 207 173 57 138 83 211 
20_triangle.png 171 179 135 147 216 188 
21_triangle.png 156 220 198 206 40 134 
22_triangle.png 35 176 78 201 119 127 
23_triangle.png 170 137 41 163 176 92 
24_triangle.png 187 139 68 16 110 142 
25_triangle.png 212 77 212 68 56 32 
26_triangle.png 129 125 61 92 219 56 
27_triangle.png 190 8 56 37 76 183 
28_triangle.png 73 64 38 140 157 181 
29_triangle.png 201 184 13 70 214 6 
30_triangle.png 49 56 38 216 37 6 
31_triangle.png 40 92 191 145 80 64 
32_triangle.png 22 11 119 4 25 135 
33_triangle.png 114 22 63 63 121 213 
34_triangle.png 123 73 111 61 56 131 
35_triangle.png 98 50 109 135 113 93 
36_triangle.png 97 12 138 18 87 128 
37_triangle.png 82 159 78 198 106 159 
38_triangle.png 153 93 151 0 164 51 
39_triangle.png 137 151 19 147 179 174 
40_triangle.png 222 46 137 137 42 40 
41_triangle.png 8 96 204 179 94 190 
42_triangle.png 39 121 53 87 205 23 
43_triangle.png 51 60 97 25 171 211 
44_triangle.png 110 19 104 71 3 216 
45_triangle.png 147 44 107 205 31 24 
46_triangle.png 175 211 158 151 198 32 
47_triangle.png 45 74 21 153 161 0 
48_triangle.png 136 141 164 11 7 49 
49_triangle.png 114 17 65 3 103 169 
50_triangle.png 8 140 79 118 15 199 
51_triangle.png 101 101 201 10 211 88 
52_triangle.png 132 169 158 39 162 16 
53_triangle.png 196 51 84 200 188 38 
54_triangle.png 58 14 133 111 160 158 
55_triangle.png 135 140 224 64 178 165 
56_triangle.png 26 148 6 50 171 100 
57_triangle.png 74 135 132 67 110 26 
58_triangle.png 103 110 83 198 176 63 
59_triangle.png 122 30 35 78 59 148 
60_triangle.png 203 128 55 98 0 5 
61_triangle.png 180 171 114 75 80 65 
62_triangle.png 170 85 210 117 115 89 
63_triangle.png 167 90 195 112 92 5 
64_triangle.png 73 201 184 189 102 160 
65_triangle.png 57 57 179 15 158 105 
66_triangle.png 179 157 211 107 219 196 
67_triangle.png 54 38 217 201 154 80 
68_triangle.png 62 94 59 73 134 188 
69_triangle.png 220 198 69 206 179 10 
70_triangle.png 193 44 126 173 42 117 
71_triangle.png 146 21 178 183 47 149 
72_triangle.png 14 131 115 30 6 29 
73_triangle.png 122 60 10 186 8 87 
74_triangle.png 168 201 145 85 27 64 
75_triangle.png 133 143 180 115 35 214 
76_triangle.png 122 129 66 127 100 80 
77_triangle.png 146 160 159 42 184 101 
78_triangle.png 108 117 28 54 35 73 
79_triangle.png 127 99 40 32 105 82 
80_triangle.png 139 203 167 94 67 149 
81_triangle.png 118 124 212 222 60 85 
82_triangle.png 158 122 134 14 167 57 
83_triangle.png 15 47 117 139 78 185 
84_triangle.png 131 165 80 123 7 130 
85_triangle.png 154 182 34 33 48 211 
86_triangle.png 93 172 168 182 155 13 
87_triangle.png 161 86 143 150 200 187 
88_triangle.png 55 184 22 106 54 131 
89_triangle.png 216 22 95 42 209 2 
90_triangle.png 81 52 27 30 6 127 
91_triangle.png 147 69 72 40 155 133 
92_triangle.png 151 56 190 96 21 11 
93_triangle.png 187 203 196 120 152 144 
94_triangle.png 33 170 70 36 44 0 
95_triangle.png 192 184 132 33 24 171 
96_triangle.png 82 15 215 8 39 195 
97_triangle.png 209 52 113 70 213 134 
98_triangle.png 45 214 17 206 177 101 
99_triangle.png 91 34 169 160 107 135 
100_triangle.png 218 216 28 183 125 100 
101_triangle.png 78 186 38 147 178 147 
102_triangle.png 131 4 184 21 77 46 
103_triangle.png 115 155 122 209 19 112 
104_triangle.png 116 192 178 103 213 129 
105_triangle.png 155 160 149 128 51 91 
106_triangle.png 15 195 204 125 203 64 
107_triangle.png 185 179 187 130 108 178 
108_triangle.png 40 7 210 183 27 95 
109_triangle.png 50 33 167 99 159 218 
110_triangle.png 54 115 122 186 147 96 
111_triangle.png 166 205 31 64 127 70 
112_triangle.png 21 112 202 211 219 157 
113_triangle.png 43 187 37 92 152 149 
114_triangle.png 74 214 92 188 0 46 
115_triangle.png 64 148 50 47 157 113 
116_triangle.png 34 160 127 54 150 81 
117_triangle.png 118 145 184 142 148 179 
118_triangle.png 140 88 48 153 138 54 
119_triangle.png 80 201 218 136 93 210 
120_triangle.png 167 132 142 75 215 192 
121_triangle.png 127 100 198 22 163 158 
122_triangle.png 61 18 220 197 190 91 
123_triangle.png 208 0 205 33 90 166 
124_triangle.png 89 9 61 180 87 174 
125_triangle.png 145 39 126 210 78 131 
126_triangle.png 216 108 145 46 85 145 
127_triangle.png 124 194 191 199 90 13 
128_triangle.png 122 149 200 224 86 161 
129_triangle.png 202 52 39 96 133 62 
130_triangle.png 37 168 215 75 136 112 
131_triangle.png 44 4 18 39 185 136 
132_triangle.png 114 97 202 87 166 54 
133_triangle.png 78 73 87 67 203 84 
134_triangle.png 150 85 155 199 176 56 
135_triangle.png 66 54 188 156 178 152 
136_triangle.png 155 140 203 175 82 150 
137_triangle.png 220 90 204 109 149 55 
138_triangle.png 40 206 208 132 184 188 
139_triangle.png 105 147 153 175 142 173 
140_triangle.png 39 123 50 22 179 189 
141_triangle.png 136 152 39 47 21 203 
142_triangle.png 57 207 148 0 80 28 
143_triangle.png 71 90 221 200 114 145 
144_triangle.png 192 95 21 12 157 124 
145_triangle.png 157 25 4 214 63 51 
146_triangle.png 210 65 60 4 180 83 
147_triangle.png 183 2 194 219 43 29 
148_triangle.png 205 139 38 206 150 196 
149_triangle.png 4 26 95 132 63 211 
150_triangle.png 54 165 60 13 31 24 
151_triangle.png 27 194 10 38 61 67 
152_triangle.png 126 38 17 78 167 48 
153_triangle.png 102 193 163 182 139 30 
154_triangle.png 73 171 114 180 32 102 
155_triangle.png 57 122 9 39 65 80 
156_triangle.png 11 128 188 81 153 101 
157_triangle.png 6 166 113 195 66 67 
158_triangle.png 50 148 90 158 78 11 
159_triangle.png 168 185 126 173 157 37 
160_triangle.png 90 10 11 13 27 45 
161_triangle.png 143 99 223 68 124 191 
162_triangle.png 162 53 147 132 97 17 
163_triangle.png 141 39 61 25 29 12 
164_triangle.png 17 125 34 32 21 88 
165_triangle.png 100 19 198 14 210 71 
166_triangle.png 206 53 57 100 26 202 
167_triangle.png 86 19 47 191 100 53 
168_triangle.png 130 23 188 154 125 136 
169_triangle.png 195 122 63 218 45 82 
170_triangle.png 177 205 99 33 6 214 
171_triangle.png 80 47 26 220 95 107 
172_triangle.png 133 39 111 87 5 1 
173_triangle.png 170 195 45 1 49 81 
174_triangle.png 71 45 102 122 194 116 
175_triangle.png 213 194 149 34 52 137 
176_triangle.png 216 143 17 28 158 86 
177_triangle.png 224 59 25 182 197 68 
178_triangle.png 136 15 173 155 84 178 
179_triangle.png 115 210 98 5 163 55 
180_triangle.png 190 215 209 97 42 56 
181_triangle.png 160 168 214 154 191 191 
182_triangle.png 91 120 41 93 11 104 
183_triangle.png 70 3 59 46 101 72 
184_triangle.png 155 26 65 138 80 150 
185_triangle.png 214 155 117 182 16 4 
186_triangle.png 174 204 190 156 7 222 
187_triangle.png 17 166 159 217 104 13 
188_triangle.png 6 33 206 146 139 51 
189_triangle.png 160 222 191 85 50 55 
190_triangle.png 168 194 113 162 161 178 
191_triangle.png 94 89 119 196 158 224 
192_triangle.png 61 49 139 57 56 133 
193_triangle.png 115 76 56 167 177 181 
194_triangle.png 47 71 220 63 210 70 
195_triangle.png 102 2 139 150 217 35 
196_triangle.png 27 216 10 170 112 108 
197_triangle.png 205 132 148 93 109 208 
198_triangle.png 86 72 120 192 128 55 
199_triangle.png 192 4 83 93 22 93 
0_square.png 44 31 151 31 151 138 44 138 
1_square.png 10 41 180 41 180 211 10 211 
2_square.png 94 21 163 21 163 90 94 90 
3_square.png 32 88 91 88 91 147 32 147 
4_square.png 18 11 206 11 206 199 18 199 
5_square.png 24 20 224 20 224 220 24 220 
6_square.png 56 28 177 28 177 149 56 149 
7_square.png 0 1 214 1 214 215 0 215 
8_square.png 42 33 155 33 155 146 42 146 
9_square.png 75 154 132 154 132 211 75 211 
10_square.png 24 22 141 22 141 139 24 139 
11_square.png 80 58 135 58 135 113 80 113 
12_square.png 39 4 214 4 214 179 39 179 
13_square.png 14 35 140 35 140 161 14 161 
14_square.png 18 76 133 76 133 191 18 191 
15_square.png 76 80 193 80 193 197 76 197 
16_square.png 132 51 186 51 186 105 132 105 
17_square.png 7 52 157 52 157 202 7 202 
18_square.png 52 62 122 62 122 132 52 132 
19_square.png 61 79 199 79 199 217 61 217 
20_square.png 77 79 134 79 134 136 77 136 
21_square.png 29 76 133 76 133 180 29 180 
22_square.png 29 24 204 24 204 199 29 199 
23_square.png 57 10 187 10 187 140 57 140 
24_square.png 13 8 221 8 221 216 13 216 
25_square.png 8 1 223 1 223 216 8 216 
26_square.png 11 19 209 19 209 217 11 217 
27_square.png 32 118 126 118 126 212 32 212 
28_square.png 145 102 199 102 199 156 145 156 
29_square.png 19 17 113 17 113 111 19 111 
30_square.png 5 5 184 5 184 184 5 184 
31_square.png 8 10 220 10 220 222 8 222 
32_square.png 21 30 193 30 193 202 21 202 
33_square.png 66 55 219 55 219 208 66 208 
34_square.png 48 32 199 32 199 183 48 183 
35_square.png 70 87 186 87 186 203 70 203 
36_square.png 39 46 185 46 185 192 39 192 
37_square.png 24 28 202 28 202 206 24 206 
38_square.png 110 50 192 50 192 132 110 132 
39_square.png 86 4 209 4 209 127 86 127 
40_square.png 34 46 192 46 192 204 34 204 
41_square.png 11 8 204 8 204 201 11 201 
42_square.png 61 68 112 68 112 119 61 119 
43_square.png 3 63 162 63 162 222 3 222 
44_square.png 12 128 94 128 94 210 12 210 
45_square.png 37 37 98 37 98 98 37 98 
46_square.png 126 70 178 70 178 122 126 122 
47_square.png 61 29 198 29 198 166 61 166 
48_square.png 92 96 182 96 182 186 92 186 
49_square.png 64 10 216 10 216 162 64 162 
50_square.png 45 70 138 70 138 163 45 163 
51_square.png 123 116 212 116 212 205 123 205 
52_square.png 7 2 221 2 221 216 7 216 
53_square.png 45 15 215 15 215 185 45 185 
54_square.png 65 1 219 1 219 155 65 155 
55_square.png 118 92 188 92 188 162 118 162 
56_square.png 0 9 214 9 214 223 0 223 
57_square.png 58 21 168 21 168 131 58 131 
58_square.png 15 139 100 139 100 224 15 224 
59_square.png 15 87 144 87 144 216 15 216 
60_square.png 10 5 193 5 193 188 10 188 
61_square.png 26 3 213 3 213 190 26 190 
62_square.png 23 38 206 38 206 221 23 221 
63_square.png 5 7 127 7 127 129 5 129 
64_square.png 17 103 109 103 109 195 17 195 
65_square.png 24 25 220 25 220 221 24 221 
66_square.png 1 68 120 68 120 187 1 187 
67_square.png 9 40 184 40 184 215 9 215 
68_square.png 126 5 210 5 210 89 126 89 
69_square.png 73 109 172 109 172 208 73 208 
70_square.png 16 21 214 21 214 219 16 219 
71_square.png 25 6 105 6 105 86 25 86 
72_square.png 11 2 221 2 221 212 11 212 
73_square.png 68 28 180 28 180 140 68 140 
74_square.png 10 8 72 8 72 70 10 70 
75_square.png 11 23 196 23 196 208 11 208 
76_square.png 27 22 196 22 196 191 27 191 
77_square.png 7 12 212 12 212 217 7 217 
78_square.png 12 6 203 6 203 197 12 197 
79_square.png 4 56 162 56 162 214 4 214 
80_square.png 29 62 185 62 185 218 29 218 
81_square.png 52 41 221 41 221 210 52 210 
82_square.png 97 21 187 21 187 111 97 111 
83_square.png 0 0 224 0 224 224 0 224 
84_square.png 102 55 213 55 213 166 102 166 
85_square.png 36 1 154 1 154 119 36 119 
86_square.png 82 21 217 21 217 156 82 156 
87_square.png 53 63 192 63 192 202 53 202 
88_square.png 33 25 212 25 212 204 33 204 
89_square.png 9 11 76 11 76 78 9 78 
90_square.png 2 0 223 0 223 221 2 221 
91_square.png 3 13 88 13 88 98 3 98 
92_square.png 73 65 200 65 200 192 73 192 
93_square.png 4 5 207 5 207 208 4 208 
94_square.png 35 17 195 17 195 177 35 177 
95_square.png 16 33 131 33 131 148 16 148 
96_square.png 80 8 214 8 214 142 80 142 
97_square.png 48 12 109 12 109 73 48 73 
98_square.png 77 102 192 102 192 217 77 217 
99_square.png 30 20 196 20 196 186 30 186 
100_square.png 55 106 141 106 141 192 55 192 
101_square.png 54 112 163 112 163 221 54 221 
102_square.png 32 73 156 73 156 197 32 197 
103_square.png 83 134 160 134 160 211 83 211 
104_square.png 116 133 194 133 194 211 116 211 
105_square.png 70 49 219 49 219 198 70 198 
106_square.png 41 70 135 70 135 164 41 164 
107_square.png 145 148 205 148 205 208 145 208 
108_square.png 4 162 62 162 62 220 4 220 
109_square.png 2 82 143 82 143 223 2 223 
110_square.png 119 122 189 122 189 192 119 192 
111_square.png 2 3 211 3 211 212 2 212 
112_square.png 20 54 83 54 83 117 20 117 
113_square.png 20 4 203 4 203 187 20 187 
114_square.png 30 79 117 79 117 166 30 166 
115_square.png 97 19 217 19 217 139 97 139 
116_square.png 7 2 218 2 218 213 7 213 
117_square.png 1 4 212 4 212 215 1 215 
118_square.png 14 30 198 30 198 214 14 214 
119_square.png 10 73 156 73 156 219 10 219 
120_square.png 74 2 216 2 216 144 74 144 
121_square.png 76 80 164 80 164 168 76 168 
122_square.png 102 97 217 97 217 212 102 212 
123_square.png 131 119 205 119 205 193 131 193 
124_square.png 51 71 173 71 173 193 51 193 
125_square.png 20 75 160 75 160 215 20 215 
126_square.png 90 5 218 5 218 133 90 133 
127_square.png 3 41 179 41 179 217 3 217 
128_square.png 114 39 170 39 170 95 114 95 
129_square.png 11 14 221 14 221 224 11 224 
130_square.png 23 24 112 24 112 113 23 113 
131_square.png 120 66 214 66 214 160 120 160 
132_square.png 45 87 131 87 131 173 45 173 
133_square.png 22 120 120 120 120 218 22 218 
134_square.png 124 120 185 120 185 181 124 181 
135_square.png 33 70 179 70 179 216 33 216 
136_square.png 79 23 178 23 178 122 79 122 
137_square.png 1 80 144 80 144 223 1 223 
138_square.png 90 84 206 84 206 200 90 200 
139_square.png 6 37 181 37 181 212 6 212 
140_square.png 67 81 172 81 172 186 67 186 
141_square.png 45 91 106 91 106 152 45 152 
142_square.png 43 73 167 73 167 197 43 197 
143_square.png 13 76 161 76 161 224 13 224 
144_square.png 125 74 182 74 182 131 125 131 
145_square.png 15 17 202 17 202 204 15 204 
146_square.png 88 18 190 18 190 120 88 120 
147_square.png 17 53 178 53 178 214 17 214 
148_square.png 65 29 123 29 123 87 65 87 
149_square.png 31 58 120 58 120 147 31 147 
150_square.png 38 144 113 144 113 219 38 219 
151_square.png 30 28 210 28 210 208 30 208 
152_square.png 11 6 211 6 211 206 11 206 
153_square.png 41 82 151 82 151 192 41 192 
154_square.png 11 3 195 3 195 187 11 187 
155_square.png 8 22 199 22 199 213 8 213 
156_square.png 58 69 207 69 207 218 58 218 
157_square.png 4 4 215 4 215 215 4 215 
158_square.png 23 103 108 103 108 188 23 188 
159_square.png 1 0 221 0 221 220 1 220 
160_square.png 8 5 224 5 224 221 8 221 
161_square.png 3 0 224 0 224 221 3 221 
162_square.png 40 13 209 13 209 182 40 182 
163_square.png 4 0 221 0 221 217 4 217 
164_square.png 11 10 213 10 213 212 11 212 
165_square.png 93 2 158 2 158 67 93 67 
166_square.png 19 8 158 8 158 147 19 147 
167_square.png 72 41 188 41 188 157 72 157 
168_square.png 86 47 220 47 220 181 86 181 
169_square.png 37 17 175 17 175 155 37 155 
170_square.png 82 91 213 91 213 222 82 222 
171_square.png 1 0 224 0 224 223 1 223 
172_square.png 129 84 219 84 219 174 129 174 
173_square.png 92 68 152 68 152 128 92 128 
174_square.png 44 13 216 13 216 185 44 185 
175_square.png 106 97 197 97 197 188 106 188 
176_square.png 7 12 212 12 212 217 7 217 
177_square.png 1 14 209 14 209 222 1 222 
178_square.png 17 16 220 16 220 219 17 219 
179_square.png 23 4 221 4 221 202 23 202 
180_square.png 77 21 139 21 139 83 77 83 
181_square.png 68 31 209 31 209 172 68 172 
182_square.png 40 6 222 6 222 188 40 188 
183_square.png 32 28 221 28 221 217 32 217 
184_square.png 2 34 174 34 174 206 2 206 
185_square.png 6 67 92 67 92 153 6 153 
186_square.png 47 56 204 56 204 213 47 213 
187_square.png 73 51 205 51 205 183 73 183 
188_square.png 28 33 202 33 202 207 28 207 
189_square.png 21 36 195 36 195 210 21 210 
190_square.png 18 0 208 0 208 190 18 190 
191_square.png 39 29 214 29 214 204 39 204 
192_square.png 82 65 219 65 219 202 82 202 
193_square.png 15 17 216 17 216 218 15 218 
194_square.png 42 58 179 58 179 195 42 195 
195_square.png 8 5 112 5 112 109 8 109 
196_square.png 91 125 159 125 159 193 91 193 
197_square.png 1 14 172 14 172 185 1 185 
198_square.png 1 67 84 67 84 150 1 150 
199_square.png 124 79 200 79 200 155 124 155 
0_rectangle.png 123 7 189 7 189 217 123 217 
1_rectangle.png 14 67 172 67 172 163 14 163 
2_rectangle.png 113 1 220 1 220 206 113 206 
3_rectangle.png 14 6 204 6 204 79 14 79 
4_rectangle.png 3 46 181 46 181 143 3 143 
5_rectangle.png 15 45 28 45 28 214 15 214 
6_rectangle.png 61 30 127 30 127 197 61 197 
7_rectangle.png 45 74 173 74 173 113 45 113 
8_rectangle.png 2 154 214 154 214 187 2 187 
9_rectangle.png 99 8 208 8 208 220 99 220 
10_rectangle.png 110 183 207 183 207 221 110 221 
11_rectangle.png 1 23 11 23 11 214 1 214 
12_rectangle.png 13 57 211 57 211 178 13 178 
13_rectangle.png 32 45 220 45 220 122 32 122 
14_rectangle.png 84 14 124 14 124 220 84 220 
15_rectangle.png 0 135 222 135 222 222 0 222 
16_rectangle.png 4 135 199 135 199 168 4 168 
17_rectangle.png 119 18 186 18 186 175 119 175 
18_rectangle.png 52 16 130 16 130 211 52 211 
19_rectangle.png 5 25 102 25 102 176 5 176 
20_rectangle.png 35 28 126 28 126 220 35 220 
21_rectangle.png 20 4 163 4 163 221 20 221 
22_rectangle.png 66 87 214 87 214 151 66 151 
23_rectangle.png 42 91 188 91 188 134 42 134 
24_rectangle.png 27 108 54 108 54 185 27 185 
25_rectangle.png 10 14 220 14 220 81 10 81 
26_rectangle.png 38 30 101 30 101 202 38 202 
27_rectangle.png 38 34 72 34 72 138 38 138 
28_rectangle.png 129 10 185 10 185 218 129 218 
29_rectangle.png 31 1 109 1 109 148 31 148 
30_rectangle.png 1 142 209 142 209 222 1 222 
31_rectangle.png 125 46 221 46 221 196 125 196 
32_rectangle.png 80 40 104 40 104 155 80 155 
33_rectangle.png 17 129 197 129 197 202 17 202 
34_rectangle.png 65 115 185 115 185 128 65 128 
35_rectangle.png 18 201 204 201 204 215 18 215 
36_rectangle.png 32 87 224 87 224 148 32 148 
37_rectangle.png 164 6 200 6 200 224 164 224 
38_rectangle.png 103 60 135 60 135 146 103 146 
39_rectangle.png 80 1 192 1 192 224 80 224 
40_rectangle.png 6 159 195 159 195 190 6 190 
41_rectangle.png 69 84 223 84 223 119 69 119 
42_rectangle.png 5 9 143 9 143 204 5 204 
43_rectangle.png 48 46 59 46 59 219 48 219 
44_rectangle.png 138 4 201 4 201 218 138 218 
45_rectangle.png 110 81 222 81 222 113 110 113 
46_rectangle.png 21 128 196 128 196 193 21 193 
47_rectangle.png 4 98 222 98 222 165 4 165 
48_rectangle.png 11 190 167 190 167 223 11 223 
49_rectangle.png 53 76 219 76 219 103 53 103 
50_rectangle.png 48 184 182 184 182 204 48 204 
51_rectangle.png 173 4 220 4 220 113 173 113 
52_rectangle.png 29 30 224 30 224 69 29 69 
53_rectangle.png 128 68 168 68 168 212 128 212 
54_rectangle.png 211 11 223 11 223 206 211 206 
55_rectangle.png 42 111 203 111 203 190 42 190 
56_rectangle.png 1 28 138 28 138 86 1 86 
57_rectangle.png 84 6 200 6 200 207 84 207 
58_rectangle.png 25 139 214 139 214 221 25 221 
59_rectangle.png 0 0 117 0 117 224 0 224 
60_rectangle.png 77 10 121 10 121 207 77 207 
61_rectangle.png 13 14 192 14 192 94 13 94 
62_rectangle.png 107 32 137 32 137 185 107 185 
63_rectangle.png 34 89 214 89 214 207 34 207 
64_rectangle.png 6 3 151 3 151 71 6 71 
65_rectangle.png 143 113 154 113 154 189 143 189 
66_rectangle.png 57 40 202 40 202 109 57 109 
67_rectangle.png 49 66 183 66 183 79 49 79 
68_rectangle.png 23 152 215 152 215 202 23 202 
69_rectangle.png 83 122 222 122 222 180 83 180 
70_rectangle.png 44 23 122 23 122 181 44 181 
71_rectangle.png 22 26 79 26 79 224 22 224 
72_rectangle.png 106 46 216 46 216 219 106 219 
73_rectangle.png 10 173 113 173 113 198 10 198 
74_rectangle.png 66 45 170 45 170 212 66 212 
75_rectangle.png 133 29 157 29 157 125 133 125 
76_rectangle.png 57 20 140 20 140 196 57 196 
77_rectangle.png 20 69 189 69 189 121 20 121 
78_rectangle.png 2 102 198 102 198 207 2 207 
79_rectangle.png 80 12 205 12 205 216 80 216 
80_rectangle.png 80 9 209 9 209 208 80 208 
81_rectangle.png 161 38 197 38 197 211 161 211 
82_rectangle.png 16 5 55 5 55 193 16 193 
83_rectangle.png 19 103 156 103 156 176 19 176 
84_rectangle.png 36 63 53 63 53 221 36 221 
85_rectangle.png 107 0 174 0 174 180 107 180 
86_rectangle.png 71 3 155 3 155 186 71 186 
87_rectangle.png 9 1 63 1 63 224 9 224 
88_rectangle.png 78 39 141 39 141 207 78 207 
89_rectangle.png 25 92 69 92 69 214 25 214 
90_rectangle.png 22 0 36 0 36 208 22 208 
91_rectangle.png 32 0 90 0 90 212 32 212 
92_rectangle.png 42 32 97 32 97 149 42 149 
93_rectangle.png 132 17 189 17 189 174 132 174 
94_rectangle.png 59 192 196 192 196 204 59 204 
95_rectangle.png 7 117 222 117 222 193 7 193 
96_rectangle.png 56 3 181 3 181 224 56 224 
97_rectangle.png 78 73 220 73 220 89 78 89 
98_rectangle.png 86 61 145 61 145 208 86 208 
99_rectangle.png 122 74 194 74 194 217 122 217 
100_rectangle.png 34 9 195 9 195 221 34 221 
101_rectangle.png 8 146 159 146 159 182 8 182 
102_rectangle.png 26 8 132 8 132 47 26 47 
103_rectangle.png 139 9 165 9 165 219 139 219 
104_rectangle.png 152 22 171 22 171 192 152 192 
105_rectangle.png 27 58 196 58 196 73 27 73 
106_rectangle.png 5 30 147 30 147 83 5 83 
107_rectangle.png 193 36 206 36 206 204 193 204 
108_rectangle.png 1 61 221 61 221 185 1 185 
109_rectangle.png 148 39 175 39 175 208 148 208 
110_rectangle.png 41 2 121 2 121 142 41 142 
111_rectangle.png 109 1 218 1 218 19 109 19 
112_rectangle.png 41 67 137 67 137 222 41 222 
113_rectangle.png 19 10 73 10 73 219 19 219 
114_rectangle.png 29 8 128 8 128 219 29 219 
115_rectangle.png 25 1 173 1 173 18 25 18 
116_rectangle.png 67 19 213 19 213 218 67 218 
117_rectangle.png 109 3 183 3 183 223 109 223 
118_rectangle.png 59 125 196 125 196 162 59 162 
119_rectangle.png 207 83 217 83 217 212 207 212 
120_rectangle.png 3 31 208 31 208 183 3 183 
121_rectangle.png 0 117 174 117 174 208 0 208 
122_rectangle.png 21 92 222 92 222 138 21 138 
123_rectangle.png 124 3 189 3 189 220 124 220 
124_rectangle.png 1 137 171 137 171 153 1 153 
125_rectangle.png 114 25 193 25 193 182 114 182 
126_rectangle.png 3 193 159 193 159 224 3 224 
127_rectangle.png 55 96 199 96 199 175 55 175 
128_rectangle.png 20 118 215 118 215 142 20 142 
129_rectangle.png 163 37 199 37 199 199 163 199 
130_rectangle.png 158 14 208 14 208 224 158 224 
131_rectangle.png 2 12 206 12 206 151 2 151 
132_rectangle.png 116 191 221 191 221 202 116 202 
133_rectangle.png 14 26 172 26 172 38 14 38 
134_rectangle.png 14 40 186 40 186 109 14 109 
135_rectangle.png 118 50 160 50 160 217 118 217 
136_rectangle.png 24 36 90 36 90 200 24 200 
137_rectangle.png 33 176 139 176 139 219 33 219 
138_rectangle.png 6 2 145 2 145 223 6 223 
139_rectangle.png 17 71 211 71 211 108 17 108 
140_rectangle.png 40 40 154 40 154 62 40 62 
141_rectangle.png 23 20 198 20 198 33 23 33 
142_rectangle.png 0 106 214 106 214 216 0 216 
143_rectangle.png 92 27 183 27 183 178 92 178 
144_rectangle.png 24 44 99 44 99 218 24 218 
145_rectangle.png 41 191 187 191 187 215 41 215 
146_rectangle.png 0 143 222 143 222 157 0 157 
147_rectangle.png 9 87 205 87 205 102 9 102 
148_rectangle.png 68 80 117 80 117 218 68 218 
149_rectangle.png 20 23 102 23 102 199 20 199 
150_rectangle.png 179 91 214 91 214 217 179 217 
151_rectangle.png 135 13 158 13 158 212 135 212 
152_rectangle.png 14 32 207 32 207 166 14 166 
153_rectangle.png 188 130 223 130 223 219 188 219 
154_rectangle.png 68 3 215 3 215 211 68 211 
155_rectangle.png 4 151 154 151 154 200 4 200 
156_rectangle.png 162 3 172 3 172 215 162 215 
157_rectangle.png 7 2 79 2 79 16 7 16 
158_rectangle.png 20 191 103 191 103 201 20 201 
159_rectangle.png 102 16 162 16 162 196 102 196 
160_rectangle.png 82 0 122 0 122 208 82 208 
161_rectangle.png 145 32 174 32 174 139 145 139 
162_rectangle.png 173 20 209 20 209 147 173 147 
163_rectangle.png 7 81 213 81 213 202 7 202 
164_rectangle.png 50 9 223 9 223 90 50 90 
165_rectangle.png 14 27 222 27 222 132 14 132 
166_rectangle.png 130 42 158 42 158 221 130 221 
167_rectangle.png 88 116 202 116 202 164 88 164 
168_rectangle.png 122 98 156 98 156 187 122 187 
169_rectangle.png 149 67 211 67 211 204 149 204 
170_rectangle.png 58 18 183 18 183 214 58 214 
171_rectangle.png 12 56 198 56 198 84 12 84 
172_rectangle.png 16 90 211 90 211 213 16 213 
173_rectangle.png 60 176 173 176 173 211 60 211 
174_rectangle.png 8 57 144 57 144 122 8 122 
175_rectangle.png 110 204 174 204 174 217 110 217 
176_rectangle.png 126 43 210 43 210 221 126 221 
177_rectangle.png 74 1 140 1 140 188 74 188 
178_rectangle.png 77 2 88 2 88 96 77 96 
179_rectangle.png 118 22 190 22 190 221 118 221 
180_rectangle.png 8 1 49 1 49 223 8 223 
181_rectangle.png 71 13 127 13 127 215 71 215 
182_rectangle.png 91 1 138 1 138 206 91 206 
183_rectangle.png 8 49 70 49 70 194 8 194 
184_rectangle.png 3 31 220 31 220 98 3 98 
185_rectangle.png 31 63 157 63 157 130 31 130 
186_rectangle.png 42 104 212 104 212 201 42 201 
187_rectangle.png 88 3 183 3 183 215 88 215 
188_rectangle.png 22 28 118 28 118 185 22 185 
189_rectangle.png 82 162 176 162 176 178 82 178 
190_rectangle.png 66 24 165 24 165 196 66 196 
191_rectangle.png 10 3 207 3 207 27 10 27 
192_rectangle.png 90 33 124 33 124 203 90 203 
193_rectangle.png 110 11 164 11 164 150 110 150 
194_rectangle.png 53 1 194 1 194 212 53 212 
195_rectangle.png 5 16 221 16 221 101 5 101 
196_rectangle.png 3 20 207 20 207 107 3 107 
197_rectangle.png 4 31 218 31 218 189 4 189 
198_rectangle.png 6 84 134 84 134 94 6 94 
199_rectangle.png 41 161 190 161 190 220 41 220 
0_rhombus.png 30 138 122 97 214 138 122 179 
1_rhombus.png 2 142 108 101 214 142 108 183 
2_rhombus.png 30 196 120 185 210 196 120 207 
3_rhombus.png 44 80 127 62 210 80 127 98 
4_rhombus.png 4 120 98 49 192 120 98 191 
5_rhombus.png 28 172 123 130 218 172 123 214 
6_rhombus.png 12 144 108 79 204 144 108 209 
7_rhombus.png 26 158 104 131 182 158 104 185 
8_rhombus.png 24 150 123 93 222 150 123 207 
9_rhombus.png 34 114 119 81 204 114 119 147 
10_rhombus.png 24 138 116 98 208 138 116 178 
11_rhombus.png 24 160 121 125 218 160 121 195 
12_rhombus.png 30 36 100 26 170 36 100 46 
13_rhombus.png 2 138 110 62 218 138 110 214 
14_rhombus.png 0 112 105 24 210 112 105 200 
15_rhombus.png 16 162 109 104 202 162 109 220 
16_rhombus.png 24 124 123 63 222 124 123 185 
17_rhombus.png 56 114 134 88 212 114 134 140 
18_rhombus.png 66 42 142 8 218 42 142 76 
19_rhombus.png 4 94 112 39 220 94 112 149 
20_rhombus.png 2 126 108 36 214 126 108 216 
21_rhombus.png 66 62 98 47 130 62 98 77 
22_rhombus.png 2 152 99 137 196 152 99 167 
23_rhombus.png 40 184 97 154 154 184 97 214 
24_rhombus.png 4 78 111 6 218 78 111 150 
25_rhombus.png 4 116 104 31 204 116 104 201 
26_rhombus.png 10 158 105 110 200 158 105 206 
27_rhombus.png 46 64 128 28 210 64 128 100 
28_rhombus.png 34 58 94 19 154 58 94 97 
29_rhombus.png 34 150 97 136 160 150 97 164 
30_rhombus.png 0 86 83 40 166 86 83 132 
31_rhombus.png 8 68 114 56 220 68 114 80 
32_rhombus.png 46 106 129 53 212 106 129 159 
33_rhombus.png 12 68 96 10 180 68 96 126 
34_rhombus.png 64 116 132 105 200 116 132 127 
35_rhombus.png 26 102 124 30 222 102 124 174 
36_rhombus.png 4 114 70 98 136 114 70 130 
37_rhombus.png 126 66 167 41 208 66 167 91 
38_rhombus.png 8 132 113 76 218 132 113 188 
39_rhombus.png 42 50 118 19 194 50 118 81 
40_rhombus.png 18 152 69 133 120 152 69 171 
41_rhombus.png 4 92 105 30 206 92 105 154 
42_rhombus.png 2 66 89 30 176 66 89 102 
43_rhombus.png 100 210 133 200 166 210 133 220 
44_rhombus.png 96 116 147 91 198 116 147 141 
45_rhombus.png 12 30 97 10 182 30 97 50 
46_rhombus.png 40 206 74 192 108 206 74 220 
47_rhombus.png 4 110 112 51 220 110 112 169 
48_rhombus.png 20 94 113 17 206 94 113 171 
49_rhombus.png 58 70 141 30 224 70 141 110 
50_rhombus.png 40 136 101 116 162 136 101 156 
51_rhombus.png 8 88 116 5 224 88 116 171 
52_rhombus.png 6 108 115 79 224 108 115 137 
53_rhombus.png 0 158 53 132 106 158 53 184 
54_rhombus.png 40 144 127 108 214 144 127 180 
55_rhombus.png 2 138 74 81 146 138 74 195 
56_rhombus.png 36 72 116 28 196 72 116 116 
57_rhombus.png 0 96 88 45 176 96 88 147 
58_rhombus.png 34 114 129 47 224 114 129 181 
59_rhombus.png 24 134 116 65 208 134 116 203 
60_rhombus.png 64 120 137 99 210 120 137 141 
61_rhombus.png 12 166 118 116 224 166 118 216 
62_rhombus.png 60 74 137 17 214 74 137 131 
63_rhombus.png 46 124 126 82 206 124 126 166 
64_rhombus.png 34 108 128 32 222 108 128 184 
65_rhombus.png 62 136 129 114 196 136 129 158 
66_rhombus.png 8 100 94 76 180 100 94 124 
67_rhombus.png 14 146 110 95 206 146 110 197 
68_rhombus.png 10 110 108 45 206 110 108 175 
69_rhombus.png 30 62 111 36 192 62 111 88 
70_rhombus.png 8 88 98 37 188 88 98 139 
71_rhombus.png 8 146 67 121 126 146 67 171 
72_rhombus.png 24 116 119 44 214 116 119 188 
73_rhombus.png 72 96 142 86 212 96 142 106 
74_rhombus.png 114 150 155 140 196 150 155 160 
75_rhombus.png 98 40 155 4 212 40 155 76 
76_rhombus.png 26 50 74 20 122 50 74 80 
77_rhombus.png 38 172 128 128 218 172 128 216 
78_rhombus.png 32 98 121 62 210 98 121 134 
79_rhombus.png 64 72 142 50 220 72 142 94 
80_rhombus.png 50 98 117 70 184 98 117 126 
81_rhombus.png 62 82 135 52 208 82 135 112 
82_rhombus.png 24 162 90 119 156 162 90 205 
83_rhombus.png 0 94 103 54 206 94 103 134 
84_rhombus.png 4 104 76 56 148 104 76 152 
85_rhombus.png 42 106 115 50 188 106 115 162 
86_rhombus.png 4 118 107 39 210 118 107 197 
87_rhombus.png 10 136 116 113 222 136 116 159 
88_rhombus.png 6 166 113 133 220 166 113 199 
89_rhombus.png 4 122 112 88 220 122 112 156 
90_rhombus.png 12 134 103 85 194 134 103 183 
91_rhombus.png 0 80 73 41 146 80 73 119 
92_rhombus.png 32 184 125 173 218 184 125 195 
93_rhombus.png 4 88 67 72 130 88 67 104 
94_rhombus.png 10 130 112 110 214 130 112 150 
95_rhombus.png 66 38 128 16 190 38 128 60 
96_rhombus.png 50 204 89 187 128 204 89 221 
97_rhombus.png 4 94 72 57 140 94 72 131 
98_rhombus.png 58 96 111 61 164 96 111 131 
99_rhombus.png 0 112 112 94 224 112 112 130 
100_rhombus.png 4 190 74 173 144 190 74 207 
101_rhombus.png 16 146 106 76 196 146 106 216 
102_rhombus.png 34 48 128 4 222 48 128 92 
103_rhombus.png 8 68 107 22 206 68 107 114 
104_rhombus.png 32 166 125 115 218 166 125 217 
105_rhombus.png 70 122 143 103 216 122 143 141 
106_rhombus.png 24 118 120 82 216 118 120 154 
107_rhombus.png 32 118 107 58 182 118 107 178 
108_rhombus.png 78 128 148 102 218 128 148 154 
109_rhombus.png 26 56 118 4 210 56 118 108 
110_rhombus.png 4 78 99 11 194 78 99 145 
111_rhombus.png 6 118 115 50 224 118 115 186 
112_rhombus.png 4 160 96 101 188 160 96 219 
113_rhombus.png 40 122 118 88 196 122 118 156 
114_rhombus.png 34 90 119 20 204 90 119 160 
115_rhombus.png 12 32 86 20 160 32 86 44 
116_rhombus.png 80 28 121 9 162 28 121 47 
117_rhombus.png 52 92 107 52 162 92 107 132 
118_rhombus.png 10 132 105 55 200 132 105 209 
119_rhombus.png 30 100 109 86 188 100 109 114 
120_rhombus.png 0 94 112 8 224 94 112 180 
121_rhombus.png 14 184 108 149 202 184 108 219 
122_rhombus.png 48 102 131 76 214 102 131 128 
123_rhombus.png 52 156 104 133 156 156 104 179 
124_rhombus.png 56 124 129 95 202 124 129 153 
125_rhombus.png 0 194 90 167 180 194 90 221 
126_rhombus.png 12 80 92 60 172 80 92 100 
127_rhombus.png 48 144 115 118 182 144 115 170 
128_rhombus.png 0 120 98 52 196 120 98 188 
129_rhombus.png 10 62 69 41 128 62 69 83 
130_rhombus.png 80 144 152 123 224 144 152 165 
131_rhombus.png 100 30 157 18 214 30 157 42 
132_rhombus.png 12 94 71 69 130 94 71 119 
133_rhombus.png 34 60 129 39 224 60 129 81 
134_rhombus.png 0 60 110 29 220 60 110 91 
135_rhombus.png 62 184 116 159 170 184 116 209 
136_rhombus.png 46 96 118 50 190 96 118 142 
137_rhombus.png 66 114 138 95 210 114 138 133 
138_rhombus.png 24 46 115 23 206 46 115 69 
139_rhombus.png 6 128 110 91 214 128 110 165 
140_rhombus.png 10 106 112 78 214 106 112 134 
141_rhombus.png 72 124 135 76 198 124 135 172 
142_rhombus.png 16 72 110 38 204 72 110 106 
143_rhombus.png 52 28 138 13 224 28 138 43 
144_rhombus.png 4 106 90 36 176 106 90 176 
145_rhombus.png 36 142 129 107 222 142 129 177 
146_rhombus.png 14 134 80 93 146 134 80 175 
147_rhombus.png 2 136 108 104 214 136 108 168 
148_rhombus.png 26 70 97 48 168 70 97 92 
149_rhombus.png 16 106 117 46 218 106 117 166 
150_rhombus.png 0 54 112 4 224 54 112 104 
151_rhombus.png 42 140 131 71 220 140 131 209 
152_rhombus.png 26 92 121 53 216 92 121 131 
153_rhombus.png 30 140 96 104 162 140 96 176 
154_rhombus.png 20 116 75 105 130 116 75 127 
155_rhombus.png 0 70 93 6 186 70 93 134 
156_rhombus.png 14 118 119 37 224 118 119 199 
157_rhombus.png 0 152 93 139 186 152 93 165 
158_rhombus.png 12 34 115 10 218 34 115 58 
159_rhombus.png 16 74 107 50 198 74 107 98 
160_rhombus.png 4 102 96 74 188 102 96 130 
161_rhombus.png 54 50 123 33 192 50 123 67 
162_rhombus.png 10 44 66 23 122 44 66 65 
163_rhombus.png 0 162 88 146 176 162 88 178 
164_rhombus.png 22 166 111 140 200 166 111 192 
165_rhombus.png 44 82 107 36 170 82 107 128 
166_rhombus.png 4 98 113 81 222 98 113 115 
167_rhombus.png 12 174 113 145 214 174 113 203 
168_rhombus.png 6 30 113 9 220 30 113 51 
169_rhombus.png 36 74 125 19 214 74 125 129 
170_rhombus.png 26 182 89 153 152 182 89 211 
171_rhombus.png 64 58 135 26 206 58 135 90 
172_rhombus.png 0 106 112 55 224 106 112 157 
173_rhombus.png 22 142 119 130 216 142 119 154 
174_rhombus.png 10 94 116 19 222 94 116 169 
175_rhombus.png 8 64 115 11 222 64 115 117 
176_rhombus.png 4 168 42 147 80 168 42 189 
177_rhombus.png 20 66 104 26 188 66 104 106 
178_rhombus.png 2 166 89 108 176 166 89 224 
179_rhombus.png 14 122 88 63 162 122 88 181 
180_rhombus.png 20 116 106 53 192 116 106 179 
181_rhombus.png 108 50 159 20 210 50 159 80 
182_rhombus.png 72 180 118 162 164 180 118 198 
183_rhombus.png 56 74 139 54 222 74 139 94 
184_rhombus.png 36 88 111 66 186 88 111 110 
185_rhombus.png 10 88 93 68 176 88 93 108 
186_rhombus.png 20 98 108 69 196 98 108 127 
187_rhombus.png 28 146 126 69 224 146 126 223 
188_rhombus.png 42 56 133 6 224 56 133 106 
189_rhombus.png 12 130 118 70 224 130 118 190 
190_rhombus.png 80 194 152 164 224 194 152 224 
191_rhombus.png 32 168 96 139 160 168 96 197 
192_rhombus.png 82 170 124 160 166 170 124 180 
193_rhombus.png 4 100 106 81 208 100 106 119 
194_rhombus.png 28 204 112 194 196 204 112 214 
195_rhombus.png 74 160 147 140 220 160 147 180 
196_rhombus.png 8 90 101 59 194 90 101 121 
197_rhombus.png 96 162 127 151 158 162 127 173 
198_rhombus.png 30 182 108 158 186 182 108 206 
199_rhombus.png 28 166 107 123 186 166 107 209 
